1
10
100
101
102
103
104
105
106
107
108
109
11
110
111
112
114
115
116
118
119
12
120
121
122
123
124
126
127
128
129
13
130
131
132
133
134
135
137
138
139
14
140
141
142
143
144
146
147
148
149
15
150
151
152
153
154
155
156
157
158
159
16
160
161
163
164
165
166
167
169
17
170
171
173
174
176
177
178
179
18
180
181
182
183
184
185
186
187
188
189
19
190
191
192
193
194
195
196
197
198
199
2
20
200
201
202
203
205
206
207
208
209
21
210
211
212
213
214
215
216
217
218
219
22
220
221
222
223
224
226
227
228
229
23
230
231
232
233
234
235
236
237
238
239
24
240
241
242
243
244
245
246
247
248
249
25
250
251
253
255
256
257
258
259
26
260
261
262
263
264
265
266
267
268
269
270
272
273
275
276
277
278
279
28
280
282
283
286
287
288
29
290
291
292
293
294
295
297
298
3
30
300
301
302
303
304
305
306
307
308
31
310
311
312
313
314
315
316
317
318
319
32
320
321
322
323
324
325
326
327
328
329
33
331
332
334
335
336
337
338
339
34
340
341
342
343
346
347
349
35
350
351
352
353
354
356
357
358
359
36
360
362
363
364
365
366
367
369
37
370
371
372
373
374
375
376
377
378
379
38
380
381
382
384
385
386
387
388
389
39
390
391
392
393
394
395
397
399
40
400
401
402
403
404
405
406
407
408
409
41
410
411
412
414
415
416
42
43
44
45
46
47
48
49
5
50
51
52
53
54
55
56
57
58
59
6
60
61
62
63
64
65
66
67
68
69
7
70
72
73
74
75
76
77
79
8
80
81
83
84
85
87
88
89
9
90
92
93
94
95
97
98
99
